TABVLA VARIARVM LEGTIONVM.

F. 44.
114
216
318
4110
5115
6117
7Πο
8117
9Π11
1οΠ14
111Π1
12Π17

1311110,

14111
16112
16114
171112
181115
191117
201120
2111
“ 22112
23115

1. M.

24 111
11 116
11 1111
11 1111
28 1Π15
29 11117
80 VIII1
81 1ΙΠ5
11 111111
11 ,111111
34 1ΙΠ 25
35 1112
11 111
11 1111
11 1111
89 Xl
40 11
41 111
42 Xll
41 111
44 11110
45 Χ112
41 1111

F. Μ.

47 ΧΠ8
48 XII 10
49 XII 12
50 XIII3
51 XIII4
62 Χ1Π9
53 XIII 12
54 XIII 14
55 XIVl
56 XIV 13
57 XIV 18
58 Χ11
60 XVI
60 11114
61 11115
62 111114
63 111118
64 XVII 20
65 Χ1Π18
66 XVIII 15
67 XIX 11
68 XIX 18
69 XIX 21

 

