F. M.
111
213

TABVLA EPISTOLARVM.

1. M.
28 Π5
29 189

3 Manut.ep.II112 30 11'1

41Π2
5Π13
616

31 1Π19
32 149
33 134

7 1161116111 17 34 135

8 1114

35 158

6 1111161111 18 66 166

10 1115
11 111
12 116
13 119
14 147
15 128
16 ΠΙ 12
17 11113
18 139
19 131
20 132

11166,

22 ΠΙ 14
23 I 83

24 111 17.

25 185
26 165
27 184

37 Auem
38 ,, 4
39 160
40 161
41 162
42 Auens
48 163
44 164
45 199
46 194
47 136
48 137
49 195
50 ΠΙ 21
51 141
52 ΙΠ 23
53 ΠΙ 25
54 129

——oae-—u—...n

1., 11.

55 179
56 180
57 181

58 III 69
59 1Π 70
60 166

, 6111116 ’

61 161
66 161
64 ΠΙ 27
66 11116
66 Π166
61 11116
68 1Π47
66 11161
1ο 11166
71 ΠΙ 82
72 11160
16 11161
11 11111
16 11161
76 Π140
11 11111
16 11111
16 11111
80 ΠΙ 56
81 mm

 

